[?25l[0m[38;2;250;249;252;48;2;250;249;250m▄[38;2;250;249;247;48;2;252;252;251m▄[38;2;192;191;193;48;2;251;251;251m▄[38;2;239;238;239;48;2;254;254;254m▄[38;2;252;251;252m▄[38;2;253;252;253m▄[38;2;253;253;253m▄[38;2;254;254;254m▄▄▄▄▄▄▄▄▄▄▄▄▄▄▄▄▄▄▄▄[38;2;252;252;253m▄[38;2;196;195;198;48;2;253;253;253m▄[38;2;179;178;182;48;2;251;250;252m▄[0m
[38;2;250;249;252;48;2;250;249;252m▄[48;2;250;249;251m▄[38;2;250;249;251;48;2;247;246;248m▄[38;2;248;247;249;48;2;162;161;164m▄[38;2;179;177;181;48;2;226;225;227m▄[38;2;202;201;205;48;2;250;249;251m▄[38;2;249;248;251;48;2;250;249;252m▄[38;2;250;249;252m▄[48;2;251;250;252m▄[48;2;251;251;252m▄[48;2;252;251;252m▄[48;2;252;252;253m▄▄[48;2;253;252;253m▄▄▄▄[48;2;252;252;253m▄[38;2;249;247;251m▄[38;2;249;248;251;48;2;252;251;253m▄[38;2;250;249;251;48;2;251;251;252m▄[38;2;250;249;252;48;2;251;250;252m▄[38;2;251;251;252;48;2;250;250;252m▄[38;2;254;254;254;48;2;253;252;253m▄[38;2;253;253;253;48;2;254;254;254m▄[38;2;250;250;252;48;2;253;253;253m▄[38;2;250;249;252;48;2;252;251;252m▄[48;2;250;249;252m▄▄[48;2;249;248;251m▄[0m
[38;2;250;249;252;48;2;250;249;252m▄▄▄▄[48;2;249;248;251m▄[48;2;211;210;213m▄[38;2;248;247;250;48;2;168;167;171m▄[38;2;111;110;115;48;2;212;211;214m▄[38;2;222;221;225;48;2;244;243;246m▄[38;2;206;205;208;48;2;250;249;252m▄[38;2;161;160;164;48;2;249;248;251m▄[38;2;183;182;185;48;2;237;236;239m▄[38;2;249;248;251;48;2;249;248;251m▄[38;2;250;249;252;48;2;250;249;252m▄▄[38;2;249;248;251m▄[38;2;175;174;177;48;2;247;246;249m▄[38;2;231;229;232;48;2;169;167;171m▄[38;2;249;248;251;48;2;168;167;171m▄[48;2;181;180;184m▄[48;2;179;178;182m▄[38;2;252;251;252;48;2;213;212;215m▄[38;2;224;224;226;48;2;253;253;253m▄[38;2;188;187;191;48;2;252;252;253m▄[38;2;249;248;251;48;2;250;249;252m▄[38;2;250;249;252m▄▄▄▄▄[0m
[38;2;250;249;252;48;2;250;249;252m▄▄▄[38;2;249;248;251m▄[38;2;196;195;198m▄[38;2;201;200;204;48;2;249;248;251m▄[38;2;221;220;224;48;2;187;186;190m▄[38;2;222;220;224;48;2;44;43;48m▄[38;2;194;193;197;48;2;126;125;129m▄[38;2;244;243;246;48;2;208;206;210m▄[38;2;250;249;252;48;2;248;247;250m▄[48;2;250;249;252m▄▄▄▄[38;2;249;248;251;48;2;250;248;252m▄[38;2;110;108;113;48;2;222;220;224m▄[38;2;3;2;7;48;2;170;169;172m▄▄[38;2;7;6;11;48;2;211;210;213m▄[38;2;69;68;73;48;2;250;250;251m▄[38;2;217;216;220;48;2;250;249;252m▄[38;2;249;248;251;48;2;249;248;251m▄[38;2;250;249;252;48;2;214;213;216m▄[38;2;229;228;231;48;2;167;166;170m▄[38;2;170;169;173;48;2;248;247;250m▄[38;2;247;246;249;48;2;250;249;252m▄[38;2;181;180;183;48;2;250;249;251m▄[38;2;162;161;165;48;2;239;238;241m▄[38;2;164;163;167;48;2;233;232;235m▄[0m
[38;2;250;249;252;48;2;250;249;252m▄[38;2;249;248;251m▄[38;2;208;207;210;48;2;249;248;251m▄[38;2;188;187;190;48;2;177;176;179m▄[38;2;249;248;251;48;2;202;201;205m▄[38;2;247;246;249;48;2;249;248;251m▄[38;2;57;56;60;48;2;203;202;205m▄[38;2;3;2;7;48;2;49;48;53m▄[48;2;4;3;8m▄[38;2;204;203;207;48;2;212;211;215m▄[38;2;250;249;252;48;2;250;249;252m▄[38;2;248;247;250m▄[38;2;195;194;198m▄[38;2;154;153;156m▄[38;2;176;175;179m▄[38;2;249;248;251;48;2;249;248;251m▄[48;2;162;161;165m▄[38;2;187;186;190;48;2;5;4;9m▄[38;2;89;88;93;48;2;3;2;7m▄[38;2;37;36;41m▄[38;2;37;36;40m▄[38;2;69;68;73;48;2;33;32;37m▄[38;2;249;248;251;48;2;249;248;251m▄[38;2;245;240;242;48;2;250;249;252m▄[38;2;244;238;240;48;2;249;248;251m▄[38;2;244;237;237;48;2;187;186;188m▄[38;2;217;144;143;48;2;217;215;215m▄[38;2;249;248;250;48;2;223;222;225m▄[38;2;209;208;211;48;2;249;248;251m▄[38;2;166;165;169;48;2;157;155;160m▄[0m
[38;2;250;249;252;48;2;250;249;252m▄[38;2;173;172;176;48;2;246;244;248m▄[38;2;226;224;228;48;2;151;150;154m▄[38;2;250;249;252;48;2;249;248;251m▄[38;2;250;249;251;48;2;250;249;252m▄[38;2;167;166;169;48;2;219;218;221m▄[38;2;3;2;7;48;2;4;3;8m▄[48;2;3;2;7m▄[38;2;129;127;132;48;2;28;27;32m▄[38;2;249;248;251;48;2;244;242;246m▄[38;2;250;249;252;48;2;249;248;251m▄[38;2;249;248;251;48;2;150;149;152m▄[48;2;76;75;80m▄[38;2;246;245;248;48;2;68;67;71m▄[38;2;249;248;251;48;2;229;228;231m▄[38;2;250;249;252;48;2;249;248;251m▄[48;2;250;249;252m▄▄[38;2;235;234;237;48;2;249;249;251m▄[38;2;227;225;229;48;2;249;248;251m▄[38;2;250;249;252m▄[38;2;249;248;251m▄[38;2;228;181;182;48;2;246;242;244m▄[38;2;244;232;234;48;2;225;155;154m▄[38;2;249;248;251;48;2;245;237;237m▄[38;2;247;244;245;48;2;220;157;156m▄[38;2;249;249;251;48;2;245;237;239m▄[38;2;250;249;252;48;2;249;249;250m▄[38;2;249;248;251;48;2;158;157;161m▄[38;2;210;209;212;48;2;182;181;185m▄[0m
[38;2;246;244;247;48;2;249;248;251m▄[38;2;163;162;166;48;2;159;158;162m▄[38;2;249;248;251;48;2;249;248;251m▄[38;2;250;249;252;48;2;250;249;252m▄▄[38;2;218;217;219;48;2;164;163;166m▄[38;2;141;140;143;48;2;3;2;7m▄[38;2;223;221;225;48;2;52;51;56m▄[38;2;250;249;251;48;2;245;243;247m▄[38;2;250;249;252;48;2;250;249;252m▄▄▄[38;2;232;231;235m▄[38;2;106;105;109m▄[38;2;152;151;154m▄[38;2;174;173;176m▄[38;2;164;163;167m▄[38;2;149;148;152;48;2;249;248;251m▄[38;2;14;13;18;48;2;148;147;151m▄[38;2;191;189;194;48;2;228;226;230m▄[38;2;249;248;252;48;2;249;248;252m▄[38;2;250;249;252;48;2;250;249;251m▄[48;2;249;248;250m▄[48;2;250;248;251m▄[48;2;250;249;252m▄▄▄[38;2;250;249;251m▄[38;2;224;223;226m▄[38;2;173;172;176m▄[0m
[38;2;242;241;244;48;2;227;226;229m▄[38;2;244;245;247;48;2;190;189;193m▄[38;2;230;190;190;48;2;248;248;250m▄[38;2;235;210;211;48;2;248;245;246m▄[38;2;235;202;201;48;2;249;248;250m▄[38;2;240;217;217m▄[38;2;250;249;252;48;2;250;249;251m▄[48;2;250;249;252m▄[38;2;247;246;249;48;2;248;247;250m▄[38;2;178;177;181;48;2;247;245;248m▄[38;2;118;117;122;48;2;250;248;252m▄[38;2;142;141;145;48;2;233;232;235m▄[38;2;125;124;129;48;2;85;84;89m▄[38;2;3;2;7;48;2;3;2;7m▄[38;2;80;79;84m▄[38;2;152;151;155m▄[38;2;161;159;163;48;2;139;138;142m▄[38;2;141;140;144;48;2;229;228;231m▄[38;2;127;126;130;48;2;12;12;16m▄[38;2;80;79;84;48;2;34;33;38m▄[38;2;121;120;124;48;2;223;222;225m▄[38;2;250;249;252;48;2;250;249;252m▄▄▄▄▄[38;2;250;248;252m▄[38;2;211;210;213;48;2;249;248;251m▄[38;2;191;190;194;48;2;197;196;199m▄[38;2;250;249;252;48;2;237;236;239m▄[0m
[38;2;249;248;252;48;2;249;248;251m▄[38;2;223;161;161;48;2;244;234;233m▄[38;2;247;240;241;48;2;224;155;155m▄[38;2;237;214;214;48;2;244;242;241m▄[38;2;245;231;232;48;2;222;158;158m▄[38;2;249;248;251;48;2;249;248;249m▄[38;2;250;249;252;48;2;250;249;252m▄▄[48;2;250;249;251m▄[48;2;249;248;251m▄[38;2;194;193;197;48;2;101;100;104m▄[38;2;14;12;18;48;2;46;45;49m▄[38;2;146;144;148;48;2;147;146;150m▄[38;2;249;248;251;48;2;191;189;193m▄[38;2;250;248;252;48;2;249;248;251m▄[38;2;250;249;252;48;2;250;249;252m▄▄[48;2;236;235;238m▄[48;2;242;241;244m▄[38;2;220;219;222;48;2;247;246;249m▄[38;2;174;173;177;48;2;157;156;160m▄[38;2;249;248;252;48;2;249;248;251m▄[38;2;250;249;252;48;2;250;249;252m▄▄▄[38;2;244;243;246m▄[38;2;152;151;154;48;2;246;245;248m▄[38;2;237;235;239;48;2;149;148;152m▄[38;2;250;249;252;48;2;249;247;250m▄[48;2;250;249;252m▄[0m
[38;2;155;154;158;48;2;181;180;183m▄[38;2;250;248;251;48;2;248;245;246m▄[38;2;250;249;252;48;2;249;249;251m▄[48;2;249;248;251m▄[48;2;250;249;252m▄▄▄▄▄▄[48;2;249;248;251m▄[38;2;227;226;230;48;2;123;122;127m▄[38;2;138;137;141;48;2;241;240;243m▄[38;2;210;208;212;48;2;249;248;251m▄[38;2;249;248;251;48;2;250;249;252m▄[38;2;246;245;248m▄[38;2;240;239;242m▄[38;2;200;199;203m▄[38;2;166;165;168;48;2;249;248;251m▄[38;2;175;174;177;48;2;234;233;237m▄[38;2;249;248;251;48;2;249;248;251m▄[38;2;250;249;252;48;2;250;249;252m▄▄[38;2;240;239;242m▄[38;2;136;135;140;48;2;234;232;235m▄[38;2;165;164;168;48;2;109;107;111m▄[38;2;178;177;180;48;2;138;137;141m▄[38;2;223;222;225;48;2;189;188;191m▄[38;2;250;249;252;48;2;250;249;252m▄▄[0m
[38;2;195;194;198;48;2;152;151;155m▄[38;2;229;228;232;48;2;249;248;251m▄[38;2;206;205;209m▄[38;2;220;219;222m▄[38;2;203;201;205;48;2;250;249;251m▄[38;2;207;206;209;48;2;250;249;252m▄[38;2;244;243;246m▄[38;2;249;248;251m▄▄[38;2;250;249;252m▄▄[48;2;249;248;251m▄[48;2;245;243;247m▄[38;2;249;248;250;48;2;226;225;228m▄[38;2;164;163;167;48;2;194;193;195m▄[38;2;141;140;144;48;2;169;168;172m▄[38;2;249;248;251;48;2;188;187;190m▄[38;2;250;249;252;48;2;221;220;222m▄[48;2;248;247;251m▄[48;2;249;248;251m▄[48;2;250;249;252m▄▄▄[48;2;249;248;251m▄[38;2;250;249;251m▄[38;2;156;155;159;48;2;231;230;233m▄[38;2;241;240;243;48;2;156;155;159m▄[38;2;249;249;251;48;2;249;248;251m▄[38;2;250;249;252;48;2;250;249;252m▄▄[0m
[38;2;247;246;249;48;2;149;147;152m▄[38;2;249;248;251;48;2;191;190;194m▄[38;2;250;249;252;48;2;249;248;251m▄▄[38;2;249;248;251;48;2;246;245;248m▄[38;2;207;206;209;48;2;220;219;222m▄[38;2;134;133;137;48;2;186;185;189m▄[38;2;202;201;204;48;2;144;143;147m▄[38;2;238;237;240;48;2;110;109;112m▄[38;2;248;247;250;48;2;182;181;185m▄[38;2;247;246;249;48;2;218;217;220m▄[38;2;250;249;252;48;2;250;249;252m▄▄▄[48;2;238;237;240m▄[48;2;216;215;218m▄[48;2;249;248;252m▄[48;2;250;249;252m▄▄▄▄▄▄▄[38;2;250;249;251;48;2;250;249;251m▄[48;2;235;234;237m▄[38;2;249;248;251;48;2;182;181;184m▄[38;2;240;239;241;48;2;181;180;183m▄[38;2;164;163;166;48;2;189;188;192m▄[38;2;184;182;186;48;2;244;243;246m▄[0m
[38;2;250;249;252;48;2;250;249;252m▄▄▄▄▄[48;2;245;244;247m▄[38;2;244;243;247;48;2;140;139;143m▄[38;2;169;168;172;48;2;240;239;242m▄[38;2;216;215;218;48;2;250;249;252m▄[38;2;249;248;251m▄[38;2;250;249;252m▄▄▄▄▄▄▄▄▄▄▄▄▄▄[38;2;247;246;249;48;2;214;213;216m▄[38;2;194;192;196;48;2;173;172;175m▄[38;2;206;205;209;48;2;168;167;171m▄[38;2;249;248;252;48;2;177;176;179m▄[38;2;250;249;252;48;2;232;230;234m▄[48;2;250;248;251m▄[0m
[38;2;250;249;252;48;2;250;249;252m▄▄▄▄▄▄▄[38;2;172;171;175;48;2;248;247;250m▄[38;2;217;215;219;48;2;130;129;133m▄[38;2;249;248;252;48;2;232;231;234m▄[38;2;250;249;252;48;2;250;249;252m▄▄▄▄▄▄▄▄▄▄▄▄▄▄▄[48;2;249;248;251m▄[38;2;249;248;251;48;2;187;186;189m▄[38;2;175;174;178;48;2;204;203;206m▄[38;2;231;230;234;48;2;250;249;252m▄[38;2;250;249;252m▄[0m
[38;2;250;249;252;48;2;250;249;252m▄▄▄▄▄▄[38;2;165;164;168;48;2;229;228;231m▄[38;2;179;178;181;48;2;169;168;172m▄[38;2;163;162;166;48;2;249;249;251m▄[38;2;181;179;183;48;2;250;249;252m▄[38;2;249;248;251m▄[38;2;250;249;252m▄▄▄▄▄▄▄▄▄▄▄▄▄▄▄▄[48;2;247;246;249m▄[38;2;202;201;204;48;2;172;171;174m▄[38;2;227;226;229;48;2;249;248;251m▄[0m
[?25h